{
 "cells": [
  {
   "cell_type": "code",
   "execution_count": 18,
   "id": "1233a7a3",
   "metadata": {},
   "outputs": [
    {
     "name": "stderr",
     "output_type": "stream",
     "text": [
      "515180 赎回费信息异常，多是因为定开基金，封闭基金或场内 ETF: []\n",
      "516830 赎回费信息异常，多是因为定开基金，封闭基金或场内 ETF: []\n",
      "510050 赎回费信息异常，多是因为定开基金，封闭基金或场内 ETF: []\n",
      "159993 赎回费信息异常，多是因为定开基金，封闭基金或场内 ETF: []\n",
      "159928 赎回费信息异常，多是因为定开基金，封闭基金或场内 ETF: ['0.15%']\n",
      "159940 赎回费信息异常，多是因为定开基金，封闭基金或场内 ETF: []\n",
      "515960 赎回费信息异常，多是因为定开基金，封闭基金或场内 ETF: []\n",
      "512660 赎回费信息异常，多是因为定开基金，封闭基金或场内 ETF: []\n",
      "159992 赎回费信息异常，多是因为定开基金，封闭基金或场内 ETF: []\n",
      "510310 赎回费信息异常，多是因为定开基金，封闭基金或场内 ETF: ['0.15%']\n",
      "512980 赎回费信息异常，多是因为定开基金，封闭基金或场内 ETF: []\n",
      "159920 赎回费信息异常，多是因为定开基金，封闭基金或场内 ETF: []\n",
      "513060 赎回费信息异常，多是因为定开基金，封闭基金或场内 ETF: []\n",
      "513130 赎回费信息异常，多是因为定开基金，封闭基金或场内 ETF: []\n",
      "518880 赎回费信息异常，多是因为定开基金，封闭基金或场内 ETF: []\n",
      "513500 赎回费信息异常，多是因为定开基金，封闭基金或场内 ETF: []\n",
      "513030 赎回费信息异常，多是因为定开基金，封闭基金或场内 ETF: []\n"
     ]
    },
    {
     "name": "stdout",
     "output_type": "stream",
     "text": [
      "[易方达中证红利ETF, 西部利得中证500指数增强A, 富国沪深300ESG基准ETF, 华夏上证50ETF, 鹏华国证证券龙头ETF, 汇添富中证主要消费ETF, 广发中证全指金融地产ETF, 嘉实医药健康100ETF, 国泰中证军工ETF, 银华中证创新药产业ETF, 易方达沪深300发起式ETF, 广发中证传媒ETF, 华夏恒生ETF(QDII), 博时恒生医疗保健(QDII-ETF), 华泰柏瑞南方东英恒生科技(QDII-ETF), 工银印度基金人民币, 华安黄金易ETF, 博时标普500ETF, 华安德国(DAX)ETF(QDII)]\n"
     ]
    },
    {
     "data": {
      "text/html": [
       "<div>\n",
       "<style scoped>\n",
       "    .dataframe tbody tr th:only-of-type {\n",
       "        vertical-align: middle;\n",
       "    }\n",
       "\n",
       "    .dataframe tbody tr th {\n",
       "        vertical-align: top;\n",
       "    }\n",
       "\n",
       "    .dataframe thead th {\n",
       "        text-align: right;\n",
       "    }\n",
       "</style>\n",
       "<table border=\"1\" class=\"dataframe\">\n",
       "  <thead>\n",
       "    <tr style=\"text-align: right;\">\n",
       "      <th></th>\n",
       "      <th>515180</th>\n",
       "      <th>502000</th>\n",
       "      <th>516830</th>\n",
       "      <th>510050</th>\n",
       "      <th>159993</th>\n",
       "      <th>159928</th>\n",
       "      <th>159940</th>\n",
       "      <th>515960</th>\n",
       "      <th>512660</th>\n",
       "      <th>159992</th>\n",
       "      <th>510310</th>\n",
       "      <th>512980</th>\n",
       "      <th>159920</th>\n",
       "      <th>513060</th>\n",
       "      <th>513130</th>\n",
       "      <th>164824</th>\n",
       "      <th>518880</th>\n",
       "      <th>513500</th>\n",
       "      <th>513030</th>\n",
       "    </tr>\n",
       "  </thead>\n",
       "  <tbody>\n",
       "    <tr>\n",
       "      <th>515180</th>\n",
       "      <td>1.000000</td>\n",
       "      <td>0.729111</td>\n",
       "      <td>0.596196</td>\n",
       "      <td>0.549396</td>\n",
       "      <td>0.592128</td>\n",
       "      <td>0.281970</td>\n",
       "      <td>0.681045</td>\n",
       "      <td>0.320248</td>\n",
       "      <td>0.369520</td>\n",
       "      <td>0.278199</td>\n",
       "      <td>0.611329</td>\n",
       "      <td>0.575114</td>\n",
       "      <td>0.495703</td>\n",
       "      <td>0.379982</td>\n",
       "      <td>0.448339</td>\n",
       "      <td>0.039827</td>\n",
       "      <td>-0.068573</td>\n",
       "      <td>0.007086</td>\n",
       "      <td>0.091775</td>\n",
       "    </tr>\n",
       "    <tr>\n",
       "      <th>502000</th>\n",
       "      <td>0.729111</td>\n",
       "      <td>1.000000</td>\n",
       "      <td>0.702211</td>\n",
       "      <td>0.584297</td>\n",
       "      <td>0.566883</td>\n",
       "      <td>0.381157</td>\n",
       "      <td>0.479316</td>\n",
       "      <td>0.483426</td>\n",
       "      <td>0.679324</td>\n",
       "      <td>0.477822</td>\n",
       "      <td>0.741744</td>\n",
       "      <td>0.544819</td>\n",
       "      <td>0.456673</td>\n",
       "      <td>0.439535</td>\n",
       "      <td>0.480148</td>\n",
       "      <td>-0.019884</td>\n",
       "      <td>-0.063377</td>\n",
       "      <td>-0.014312</td>\n",
       "      <td>0.085845</td>\n",
       "    </tr>\n",
       "    <tr>\n",
       "      <th>516830</th>\n",
       "      <td>0.596196</td>\n",
       "      <td>0.702211</td>\n",
       "      <td>1.000000</td>\n",
       "      <td>0.953156</td>\n",
       "      <td>0.733524</td>\n",
       "      <td>0.786061</td>\n",
       "      <td>0.764493</td>\n",
       "      <td>0.666940</td>\n",
       "      <td>0.456932</td>\n",
       "      <td>0.625399</td>\n",
       "      <td>0.990369</td>\n",
       "      <td>0.660847</td>\n",
       "      <td>0.726222</td>\n",
       "      <td>0.669862</td>\n",
       "      <td>0.705467</td>\n",
       "      <td>0.072888</td>\n",
       "      <td>-0.076915</td>\n",
       "      <td>0.022077</td>\n",
       "      <td>0.197270</td>\n",
       "    </tr>\n",
       "    <tr>\n",
       "      <th>510050</th>\n",
       "      <td>0.549396</td>\n",
       "      <td>0.584297</td>\n",
       "      <td>0.953156</td>\n",
       "      <td>1.000000</td>\n",
       "      <td>0.730288</td>\n",
       "      <td>0.814612</td>\n",
       "      <td>0.819420</td>\n",
       "      <td>0.601810</td>\n",
       "      <td>0.320196</td>\n",
       "      <td>0.551860</td>\n",
       "      <td>0.944849</td>\n",
       "      <td>0.592481</td>\n",
       "      <td>0.722064</td>\n",
       "      <td>0.623787</td>\n",
       "      <td>0.685690</td>\n",
       "      <td>0.070621</td>\n",
       "      <td>-0.040814</td>\n",
       "      <td>0.016250</td>\n",
       "      <td>0.193486</td>\n",
       "    </tr>\n",
       "    <tr>\n",
       "      <th>159993</th>\n",
       "      <td>0.592128</td>\n",
       "      <td>0.566883</td>\n",
       "      <td>0.733524</td>\n",
       "      <td>0.730288</td>\n",
       "      <td>1.000000</td>\n",
       "      <td>0.457492</td>\n",
       "      <td>0.855491</td>\n",
       "      <td>0.371068</td>\n",
       "      <td>0.402477</td>\n",
       "      <td>0.330066</td>\n",
       "      <td>0.762257</td>\n",
       "      <td>0.541726</td>\n",
       "      <td>0.543610</td>\n",
       "      <td>0.408509</td>\n",
       "      <td>0.540105</td>\n",
       "      <td>0.090012</td>\n",
       "      <td>-0.088451</td>\n",
       "      <td>0.026632</td>\n",
       "      <td>0.189150</td>\n",
       "    </tr>\n",
       "    <tr>\n",
       "      <th>159928</th>\n",
       "      <td>0.281970</td>\n",
       "      <td>0.381157</td>\n",
       "      <td>0.786061</td>\n",
       "      <td>0.814612</td>\n",
       "      <td>0.457492</td>\n",
       "      <td>1.000000</td>\n",
       "      <td>0.507209</td>\n",
       "      <td>0.671342</td>\n",
       "      <td>0.245484</td>\n",
       "      <td>0.580032</td>\n",
       "      <td>0.780025</td>\n",
       "      <td>0.550119</td>\n",
       "      <td>0.529158</td>\n",
       "      <td>0.524251</td>\n",
       "      <td>0.503815</td>\n",
       "      <td>-0.011842</td>\n",
       "      <td>-0.089401</td>\n",
       "      <td>-0.008086</td>\n",
       "      <td>0.104007</td>\n",
       "    </tr>\n",
       "    <tr>\n",
       "      <th>159940</th>\n",
       "      <td>0.681045</td>\n",
       "      <td>0.479316</td>\n",
       "      <td>0.764493</td>\n",
       "      <td>0.819420</td>\n",
       "      <td>0.855491</td>\n",
       "      <td>0.507209</td>\n",
       "      <td>1.000000</td>\n",
       "      <td>0.325907</td>\n",
       "      <td>0.203938</td>\n",
       "      <td>0.270827</td>\n",
       "      <td>0.756848</td>\n",
       "      <td>0.526688</td>\n",
       "      <td>0.626923</td>\n",
       "      <td>0.421083</td>\n",
       "      <td>0.553174</td>\n",
       "      <td>0.080628</td>\n",
       "      <td>-0.057281</td>\n",
       "      <td>0.016165</td>\n",
       "      <td>0.142498</td>\n",
       "    </tr>\n",
       "    <tr>\n",
       "      <th>515960</th>\n",
       "      <td>0.320248</td>\n",
       "      <td>0.483426</td>\n",
       "      <td>0.666940</td>\n",
       "      <td>0.601810</td>\n",
       "      <td>0.371068</td>\n",
       "      <td>0.671342</td>\n",
       "      <td>0.325907</td>\n",
       "      <td>1.000000</td>\n",
       "      <td>0.345565</td>\n",
       "      <td>0.924316</td>\n",
       "      <td>0.676616</td>\n",
       "      <td>0.520070</td>\n",
       "      <td>0.407347</td>\n",
       "      <td>0.643232</td>\n",
       "      <td>0.421941</td>\n",
       "      <td>-0.014046</td>\n",
       "      <td>-0.105029</td>\n",
       "      <td>-0.039540</td>\n",
       "      <td>0.022764</td>\n",
       "    </tr>\n",
       "    <tr>\n",
       "      <th>512660</th>\n",
       "      <td>0.369520</td>\n",
       "      <td>0.679324</td>\n",
       "      <td>0.456932</td>\n",
       "      <td>0.320196</td>\n",
       "      <td>0.402477</td>\n",
       "      <td>0.245484</td>\n",
       "      <td>0.203938</td>\n",
       "      <td>0.345565</td>\n",
       "      <td>1.000000</td>\n",
       "      <td>0.355116</td>\n",
       "      <td>0.511836</td>\n",
       "      <td>0.390930</td>\n",
       "      <td>0.234366</td>\n",
       "      <td>0.258718</td>\n",
       "      <td>0.277441</td>\n",
       "      <td>-0.056281</td>\n",
       "      <td>-0.093202</td>\n",
       "      <td>-0.028688</td>\n",
       "      <td>0.019739</td>\n",
       "    </tr>\n",
       "    <tr>\n",
       "      <th>159992</th>\n",
       "      <td>0.278199</td>\n",
       "      <td>0.477822</td>\n",
       "      <td>0.625399</td>\n",
       "      <td>0.551860</td>\n",
       "      <td>0.330066</td>\n",
       "      <td>0.580032</td>\n",
       "      <td>0.270827</td>\n",
       "      <td>0.924316</td>\n",
       "      <td>0.355116</td>\n",
       "      <td>1.000000</td>\n",
       "      <td>0.634185</td>\n",
       "      <td>0.438523</td>\n",
       "      <td>0.426005</td>\n",
       "      <td>0.693727</td>\n",
       "      <td>0.444568</td>\n",
       "      <td>0.010621</td>\n",
       "      <td>-0.113627</td>\n",
       "      <td>-0.037638</td>\n",
       "      <td>0.035731</td>\n",
       "    </tr>\n",
       "    <tr>\n",
       "      <th>510310</th>\n",
       "      <td>0.611329</td>\n",
       "      <td>0.741744</td>\n",
       "      <td>0.990369</td>\n",
       "      <td>0.944849</td>\n",
       "      <td>0.762257</td>\n",
       "      <td>0.780025</td>\n",
       "      <td>0.756848</td>\n",
       "      <td>0.676616</td>\n",
       "      <td>0.511836</td>\n",
       "      <td>0.634185</td>\n",
       "      <td>1.000000</td>\n",
       "      <td>0.673273</td>\n",
       "      <td>0.713951</td>\n",
       "      <td>0.659389</td>\n",
       "      <td>0.701292</td>\n",
       "      <td>0.060025</td>\n",
       "      <td>-0.087507</td>\n",
       "      <td>0.017146</td>\n",
       "      <td>0.186282</td>\n",
       "    </tr>\n",
       "    <tr>\n",
       "      <th>512980</th>\n",
       "      <td>0.575114</td>\n",
       "      <td>0.544819</td>\n",
       "      <td>0.660847</td>\n",
       "      <td>0.592481</td>\n",
       "      <td>0.541726</td>\n",
       "      <td>0.550119</td>\n",
       "      <td>0.526688</td>\n",
       "      <td>0.520070</td>\n",
       "      <td>0.390930</td>\n",
       "      <td>0.438523</td>\n",
       "      <td>0.673273</td>\n",
       "      <td>1.000000</td>\n",
       "      <td>0.489827</td>\n",
       "      <td>0.408191</td>\n",
       "      <td>0.508106</td>\n",
       "      <td>0.038422</td>\n",
       "      <td>-0.102369</td>\n",
       "      <td>0.028680</td>\n",
       "      <td>0.163098</td>\n",
       "    </tr>\n",
       "    <tr>\n",
       "      <th>159920</th>\n",
       "      <td>0.495703</td>\n",
       "      <td>0.456673</td>\n",
       "      <td>0.726222</td>\n",
       "      <td>0.722064</td>\n",
       "      <td>0.543610</td>\n",
       "      <td>0.529158</td>\n",
       "      <td>0.626923</td>\n",
       "      <td>0.407347</td>\n",
       "      <td>0.234366</td>\n",
       "      <td>0.426005</td>\n",
       "      <td>0.713951</td>\n",
       "      <td>0.489827</td>\n",
       "      <td>1.000000</td>\n",
       "      <td>0.785221</td>\n",
       "      <td>0.937969</td>\n",
       "      <td>0.202811</td>\n",
       "      <td>-0.077362</td>\n",
       "      <td>0.011261</td>\n",
       "      <td>0.339463</td>\n",
       "    </tr>\n",
       "    <tr>\n",
       "      <th>513060</th>\n",
       "      <td>0.379982</td>\n",
       "      <td>0.439535</td>\n",
       "      <td>0.669862</td>\n",
       "      <td>0.623787</td>\n",
       "      <td>0.408509</td>\n",
       "      <td>0.524251</td>\n",
       "      <td>0.421083</td>\n",
       "      <td>0.643232</td>\n",
       "      <td>0.258718</td>\n",
       "      <td>0.693727</td>\n",
       "      <td>0.659389</td>\n",
       "      <td>0.408191</td>\n",
       "      <td>0.785221</td>\n",
       "      <td>1.000000</td>\n",
       "      <td>0.797041</td>\n",
       "      <td>0.166720</td>\n",
       "      <td>-0.070720</td>\n",
       "      <td>-0.047508</td>\n",
       "      <td>0.173336</td>\n",
       "    </tr>\n",
       "    <tr>\n",
       "      <th>513130</th>\n",
       "      <td>0.448339</td>\n",
       "      <td>0.480148</td>\n",
       "      <td>0.705467</td>\n",
       "      <td>0.685690</td>\n",
       "      <td>0.540105</td>\n",
       "      <td>0.503815</td>\n",
       "      <td>0.553174</td>\n",
       "      <td>0.421941</td>\n",
       "      <td>0.277441</td>\n",
       "      <td>0.444568</td>\n",
       "      <td>0.701292</td>\n",
       "      <td>0.508106</td>\n",
       "      <td>0.937969</td>\n",
       "      <td>0.797041</td>\n",
       "      <td>1.000000</td>\n",
       "      <td>0.202932</td>\n",
       "      <td>-0.067611</td>\n",
       "      <td>-0.000056</td>\n",
       "      <td>0.324808</td>\n",
       "    </tr>\n",
       "    <tr>\n",
       "      <th>164824</th>\n",
       "      <td>0.039827</td>\n",
       "      <td>-0.019884</td>\n",
       "      <td>0.072888</td>\n",
       "      <td>0.070621</td>\n",
       "      <td>0.090012</td>\n",
       "      <td>-0.011842</td>\n",
       "      <td>0.080628</td>\n",
       "      <td>-0.014046</td>\n",
       "      <td>-0.056281</td>\n",
       "      <td>0.010621</td>\n",
       "      <td>0.060025</td>\n",
       "      <td>0.038422</td>\n",
       "      <td>0.202811</td>\n",
       "      <td>0.166720</td>\n",
       "      <td>0.202932</td>\n",
       "      <td>1.000000</td>\n",
       "      <td>-0.050783</td>\n",
       "      <td>0.150616</td>\n",
       "      <td>0.626610</td>\n",
       "    </tr>\n",
       "    <tr>\n",
       "      <th>518880</th>\n",
       "      <td>-0.068573</td>\n",
       "      <td>-0.063377</td>\n",
       "      <td>-0.076915</td>\n",
       "      <td>-0.040814</td>\n",
       "      <td>-0.088451</td>\n",
       "      <td>-0.089401</td>\n",
       "      <td>-0.057281</td>\n",
       "      <td>-0.105029</td>\n",
       "      <td>-0.093202</td>\n",
       "      <td>-0.113627</td>\n",
       "      <td>-0.087507</td>\n",
       "      <td>-0.102369</td>\n",
       "      <td>-0.077362</td>\n",
       "      <td>-0.070720</td>\n",
       "      <td>-0.067611</td>\n",
       "      <td>-0.050783</td>\n",
       "      <td>1.000000</td>\n",
       "      <td>0.028166</td>\n",
       "      <td>0.014725</td>\n",
       "    </tr>\n",
       "    <tr>\n",
       "      <th>513500</th>\n",
       "      <td>0.007086</td>\n",
       "      <td>-0.014312</td>\n",
       "      <td>0.022077</td>\n",
       "      <td>0.016250</td>\n",
       "      <td>0.026632</td>\n",
       "      <td>-0.008086</td>\n",
       "      <td>0.016165</td>\n",
       "      <td>-0.039540</td>\n",
       "      <td>-0.028688</td>\n",
       "      <td>-0.037638</td>\n",
       "      <td>0.017146</td>\n",
       "      <td>0.028680</td>\n",
       "      <td>0.011261</td>\n",
       "      <td>-0.047508</td>\n",
       "      <td>-0.000056</td>\n",
       "      <td>0.150616</td>\n",
       "      <td>0.028166</td>\n",
       "      <td>1.000000</td>\n",
       "      <td>0.063278</td>\n",
       "    </tr>\n",
       "    <tr>\n",
       "      <th>513030</th>\n",
       "      <td>0.091775</td>\n",
       "      <td>0.085845</td>\n",
       "      <td>0.197270</td>\n",
       "      <td>0.193486</td>\n",
       "      <td>0.189150</td>\n",
       "      <td>0.104007</td>\n",
       "      <td>0.142498</td>\n",
       "      <td>0.022764</td>\n",
       "      <td>0.019739</td>\n",
       "      <td>0.035731</td>\n",
       "      <td>0.186282</td>\n",
       "      <td>0.163098</td>\n",
       "      <td>0.339463</td>\n",
       "      <td>0.173336</td>\n",
       "      <td>0.324808</td>\n",
       "      <td>0.626610</td>\n",
       "      <td>0.014725</td>\n",
       "      <td>0.063278</td>\n",
       "      <td>1.000000</td>\n",
       "    </tr>\n",
       "  </tbody>\n",
       "</table>\n",
       "</div>"
      ],
      "text/plain": [
       "          515180    502000    516830    510050    159993    159928    159940  \\\n",
       "515180  1.000000  0.729111  0.596196  0.549396  0.592128  0.281970  0.681045   \n",
       "502000  0.729111  1.000000  0.702211  0.584297  0.566883  0.381157  0.479316   \n",
       "516830  0.596196  0.702211  1.000000  0.953156  0.733524  0.786061  0.764493   \n",
       "510050  0.549396  0.584297  0.953156  1.000000  0.730288  0.814612  0.819420   \n",
       "159993  0.592128  0.566883  0.733524  0.730288  1.000000  0.457492  0.855491   \n",
       "159928  0.281970  0.381157  0.786061  0.814612  0.457492  1.000000  0.507209   \n",
       "159940  0.681045  0.479316  0.764493  0.819420  0.855491  0.507209  1.000000   \n",
       "515960  0.320248  0.483426  0.666940  0.601810  0.371068  0.671342  0.325907   \n",
       "512660  0.369520  0.679324  0.456932  0.320196  0.402477  0.245484  0.203938   \n",
       "159992  0.278199  0.477822  0.625399  0.551860  0.330066  0.580032  0.270827   \n",
       "510310  0.611329  0.741744  0.990369  0.944849  0.762257  0.780025  0.756848   \n",
       "512980  0.575114  0.544819  0.660847  0.592481  0.541726  0.550119  0.526688   \n",
       "159920  0.495703  0.456673  0.726222  0.722064  0.543610  0.529158  0.626923   \n",
       "513060  0.379982  0.439535  0.669862  0.623787  0.408509  0.524251  0.421083   \n",
       "513130  0.448339  0.480148  0.705467  0.685690  0.540105  0.503815  0.553174   \n",
       "164824  0.039827 -0.019884  0.072888  0.070621  0.090012 -0.011842  0.080628   \n",
       "518880 -0.068573 -0.063377 -0.076915 -0.040814 -0.088451 -0.089401 -0.057281   \n",
       "513500  0.007086 -0.014312  0.022077  0.016250  0.026632 -0.008086  0.016165   \n",
       "513030  0.091775  0.085845  0.197270  0.193486  0.189150  0.104007  0.142498   \n",
       "\n",
       "          515960    512660    159992    510310    512980    159920    513060  \\\n",
       "515180  0.320248  0.369520  0.278199  0.611329  0.575114  0.495703  0.379982   \n",
       "502000  0.483426  0.679324  0.477822  0.741744  0.544819  0.456673  0.439535   \n",
       "516830  0.666940  0.456932  0.625399  0.990369  0.660847  0.726222  0.669862   \n",
       "510050  0.601810  0.320196  0.551860  0.944849  0.592481  0.722064  0.623787   \n",
       "159993  0.371068  0.402477  0.330066  0.762257  0.541726  0.543610  0.408509   \n",
       "159928  0.671342  0.245484  0.580032  0.780025  0.550119  0.529158  0.524251   \n",
       "159940  0.325907  0.203938  0.270827  0.756848  0.526688  0.626923  0.421083   \n",
       "515960  1.000000  0.345565  0.924316  0.676616  0.520070  0.407347  0.643232   \n",
       "512660  0.345565  1.000000  0.355116  0.511836  0.390930  0.234366  0.258718   \n",
       "159992  0.924316  0.355116  1.000000  0.634185  0.438523  0.426005  0.693727   \n",
       "510310  0.676616  0.511836  0.634185  1.000000  0.673273  0.713951  0.659389   \n",
       "512980  0.520070  0.390930  0.438523  0.673273  1.000000  0.489827  0.408191   \n",
       "159920  0.407347  0.234366  0.426005  0.713951  0.489827  1.000000  0.785221   \n",
       "513060  0.643232  0.258718  0.693727  0.659389  0.408191  0.785221  1.000000   \n",
       "513130  0.421941  0.277441  0.444568  0.701292  0.508106  0.937969  0.797041   \n",
       "164824 -0.014046 -0.056281  0.010621  0.060025  0.038422  0.202811  0.166720   \n",
       "518880 -0.105029 -0.093202 -0.113627 -0.087507 -0.102369 -0.077362 -0.070720   \n",
       "513500 -0.039540 -0.028688 -0.037638  0.017146  0.028680  0.011261 -0.047508   \n",
       "513030  0.022764  0.019739  0.035731  0.186282  0.163098  0.339463  0.173336   \n",
       "\n",
       "          513130    164824    518880    513500    513030  \n",
       "515180  0.448339  0.039827 -0.068573  0.007086  0.091775  \n",
       "502000  0.480148 -0.019884 -0.063377 -0.014312  0.085845  \n",
       "516830  0.705467  0.072888 -0.076915  0.022077  0.197270  \n",
       "510050  0.685690  0.070621 -0.040814  0.016250  0.193486  \n",
       "159993  0.540105  0.090012 -0.088451  0.026632  0.189150  \n",
       "159928  0.503815 -0.011842 -0.089401 -0.008086  0.104007  \n",
       "159940  0.553174  0.080628 -0.057281  0.016165  0.142498  \n",
       "515960  0.421941 -0.014046 -0.105029 -0.039540  0.022764  \n",
       "512660  0.277441 -0.056281 -0.093202 -0.028688  0.019739  \n",
       "159992  0.444568  0.010621 -0.113627 -0.037638  0.035731  \n",
       "510310  0.701292  0.060025 -0.087507  0.017146  0.186282  \n",
       "512980  0.508106  0.038422 -0.102369  0.028680  0.163098  \n",
       "159920  0.937969  0.202811 -0.077362  0.011261  0.339463  \n",
       "513060  0.797041  0.166720 -0.070720 -0.047508  0.173336  \n",
       "513130  1.000000  0.202932 -0.067611 -0.000056  0.324808  \n",
       "164824  0.202932  1.000000 -0.050783  0.150616  0.626610  \n",
       "518880 -0.067611 -0.050783  1.000000  0.028166  0.014725  \n",
       "513500 -0.000056  0.150616  0.028166  1.000000  0.063278  \n",
       "513030  0.324808  0.626610  0.014725  0.063278  1.000000  "
      ]
     },
     "execution_count": 18,
     "metadata": {},
     "output_type": "execute_result"
    }
   ],
   "source": [
    "# %load analysis/etf_relative.py\n",
    "import yaml\n",
    "import sys\n",
    "sys.path.append(\".\")\n",
    "import xalpha as xa\n",
    "import pandas as pd\n",
    "import etf.property_top_category  as ptc\n",
    "\n",
    "\n",
    "def getFundInfo(members):\n",
    "    resList=[]\n",
    "    for item in members:\n",
    "        resList.append(xa.fundinfo(item['code']))\n",
    "    return resList\n",
    "\n",
    "\n",
    "f=open(\"etf/settings/etf_share.yaml\")\n",
    "y =yaml.safe_load(f)\n",
    "fundList=[]\n",
    "chinaStockList = getFundInfo(y[\"compose\"][ptc.PropertyTopCategory.ChinaStock.name]['members'])\n",
    "newMarketList = getFundInfo(y[\"compose\"][ptc.PropertyTopCategory.OverSeaNewMarket.name]['members'])\n",
    "goldList = getFundInfo(y[\"compose\"][ptc.PropertyTopCategory.GOLD.name]['members'])\n",
    "matureList = getFundInfo(y[\"compose\"][ptc.PropertyTopCategory.OverSeaMature.name]['members'])\n",
    "fundList.extend(chinaStockList)\n",
    "fundList.extend(newMarketList)\n",
    "fundList.extend(goldList)\n",
    "fundList.extend(matureList)\n",
    "print(fundList)\n",
    "fundTuple = tuple(fundList)\n",
    "comparison = xa.evaluate(*fundTuple)\n",
    "comparison.v_netvalue()  \n",
    "\n",
    "\n",
    "comparison.correlation_table() "
   ]
  }
 ],
 "metadata": {
  "kernelspec": {
   "display_name": "Python 3.10.5 64-bit",
   "language": "python",
   "name": "python3"
  },
  "language_info": {
   "codemirror_mode": {
    "name": "ipython",
    "version": 3
   },
   "file_extension": ".py",
   "mimetype": "text/x-python",
   "name": "python",
   "nbconvert_exporter": "python",
   "pygments_lexer": "ipython3",
   "version": "3.10.5"
  },
  "vscode": {
   "interpreter": {
    "hash": "e7370f93d1d0cde622a1f8e1c04877d8463912d04d973331ad4851f04de6915a"
   }
  }
 },
 "nbformat": 4,
 "nbformat_minor": 5
}
